         -0.00720096
         -0.00101706
         -0.00305214
          0.00062292
          0.00004811
          0.01165607
          0.01038636
          0.00883587
          0.00819790
         -0.00625865
         -0.00351040
         -0.00157532
         -0.00012023
          0.00068598
          0.00084995
          0.00336846
          0.00295156
          0.00377879
          0.00365234
         -0.00084227
         -0.00335423
         -0.00048907
          0.00011273
          0.00049368
          0.00016815
          0.00527219
          0.00570954
          0.00510053
          0.00408021
         -0.00338206
          0.00009981
          0.00106640
          0.00068807
         -0.00058155
          0.00045679
         -0.00054872
         -0.00319563
         -0.00048273
         -0.00152158
          0.00176421
          0.00163238
          0.00122322
          0.00114418
          0.00071214
          0.00028094
         -0.00055976
         -0.00015926
         -0.00036247
         -0.00204501
          0.00041320
         -0.00637107
         -0.00275813
         -0.00239809
         -0.00015758
          0.00142946
          0.01289721
          0.00989645
          0.01099364
          0.00696629
         -0.00419429
         -0.00076366
          0.00042531
          0.00082051
         -0.00335079
         -0.00161103
          0.00105546
         -0.00230390
         -0.00016291
         -0.00022566
          0.00149583
         -0.00284773
         -0.00085494
         -0.00055881
         -0.00202220
          0.00086698
          0.00334722
          0.00081677
          0.00266979
          0.00139777
         -0.00029293
         -0.00068180
          0.00175571
          0.00044533
         -0.00010376
          0.00030234
          0.00119344
         -0.00147405
          0.00106007
         -0.00032578
          0.00052051
         -0.00710649
         -0.00198623
         -0.00247884
          0.00154852
          0.00171722
          0.01370148
          0.01237330
          0.01068760
          0.00885760
         -0.00646720
         -0.00587583
         -0.00241527
         -0.00171430
          0.00085772
         -0.00112825
          0.00927944
          0.00937270
          0.00759663
          0.00527023
         -0.00518469
         -0.00161777
         -0.00096925
          0.00061052
         -0.00024020
          0.00049179
          0.00301258
          0.00178441
          0.00185155
          0.00351352
         -0.00127798
         -0.00329022
         -0.00142272
         -0.00030454
          0.00051050
         -0.00122171
          0.00503883
          0.00467712
          0.00245307
          0.00323863
         -0.00374939
         -0.00091799
         -0.00084279
         -0.00047905
         -0.00087895
         -0.00066165
         -0.00098320
         -0.00293508
         -0.00095287
         -0.00010299
          0.00291864
          0.00171848
          0.00127301
         -0.00261962
          0.00141073
          0.00051052
         -0.00038549
         -0.00075555
         -0.00099624
         -0.00193452
          0.00003142
         -0.00518439
         -0.00273348
         -0.00110883
         -0.00074888
         -0.00014802
          0.01435815
          0.00797190
          0.00981891
          0.00779530
         -0.00383131
          0.00015698
         -0.00031661
          0.00118707
         -0.00226560
         -0.00175268
          0.00003844
         -0.00286974
          0.00034166
          0.00122488
          0.00203172
         -0.00071041
         -0.00132055
          0.00020398
         -0.00110802
          0.00068774
          0.00160054
          0.00094801
          0.00101021
          0.00137876
          0.00112911
         -0.00088702
          0.00035411
         -0.00008036
         -0.00156921
         -0.00019013
          0.00038720
         -0.00149364
         -0.00045164
          0.00070862
          0.00243869
         -0.00564088
         -0.00251882
         -0.00333500
          0.00240743
          0.00089132
          0.00937001
          0.01047358
          0.00892891
          0.00780755
         -0.00713681
         -0.48472590
         -0.26698863
         -0.24128449
         -0.00686563
          0.05130186
          1.36409878
          0.87841474
          0.78334928
          0.57641404
         -0.49197381
          0.00307673
         -0.00432810
         -0.00332943
         -0.00002561
          0.00119327
          0.00748186
          0.00599539
          0.00547020
          0.00138671
         -0.00267894
         -0.00236792
         -0.00074394
         -0.00084027
          0.00199413
         -0.00050532
          0.00124409
          0.00013356
         -0.00091933
          0.00004457
         -0.00203548
         -0.00172603
         -0.00083574
          0.00076960
         -0.00034222
          0.00139291
          0.00274054
          0.00182433
          0.00029201
         -0.00077404
         -0.00038854
          0.00123125
          0.00057424
         -0.00306973
          0.00046881
         -0.00032261
          0.00050586
          0.00195615
          0.00078338
          0.00265234
         -0.00074073
          0.00214011
         -0.00186500
         -0.00086061
         -0.00099616
         -0.00001276
         -0.00423769
         -0.00567938
         -0.00386262
         -0.00203547
          0.00029821
         -0.00516143
         -0.00265616
         -0.00155044
         -0.00094025
         -0.00026497
          0.00929323
          0.00419788
          0.00570716
          0.00745427
         -0.00496354
          0.01305773
          0.01041367
          0.00717273
         -0.00080226
         -0.00180397
         -0.03323940
         -0.02679262
         -0.02432677
         -0.01839874
          0.01437955
          0.00471047
          0.00351419
          0.00288791
         -0.00115867
         -0.00068995
         -0.00977098
         -0.00987024
         -0.00817213
         -0.00553987
          0.00560821
          0.01044563
          0.00734658
          0.00601107
          0.00076803
         -0.00126767
         -0.02930603
         -0.02292217
         -0.02265016
         -0.01583133
          0.01080129
          0.00323400
         -0.00092023
         -0.00300400
          0.00121227
          0.00047962
          0.00172399
          0.00427405
          0.00207619
          0.00028046
         -0.00117928
         -0.00734039
         -0.00865439
         -0.00637286
         -0.00024683
          0.00141866
          0.02664806
          0.02393768
          0.02180984
          0.01344865
         -0.00874503
         -0.00404222
         -0.00131218
         -0.00126543
         -0.00004424
         -0.00047020
          0.00801340
          0.00634708
          0.00563628
          0.00479174
         -0.00323231
         -0.00633459
         -0.00332024
          0.00052074
          0.00023284
          0.00078833
          0.00596185
          0.00729148
          0.00541099
          0.00213202
         -0.00305313
          0.00063771
         -0.00007953
         -0.00098003
         -0.00045034
          0.00000030
         -0.00019150
         -0.00035341
         -0.00077175
          0.00100505
         -0.00042800
          0.00009815
         -0.00101657
          0.00420220
         -0.00138854
          0.00073239
         -0.00076340
         -0.00012404
          0.00001669
         -0.00280017
          0.00277134
         -0.00314275
         -0.00008406
          0.00100998
         -0.00113764
         -0.00151480
          0.00229535
          0.00027295
          0.00133174
          0.00349523
          0.00004899
          0.00335471
          0.00387619
          0.00184856
         -0.00102173
         -0.00108941
         -0.00912964
         -0.00997366
         -0.00691936
         -0.00534182
          0.00541442
          0.00399431
          0.00121984
          0.00298329
         -0.00219048
         -0.00045281
         -0.00448966
         -0.00561527
         -0.00415056
         -0.00435349
          0.00386426
          0.00936014
          0.00498358
          0.00270257
          0.00001357
         -0.00027452
         -0.01976500
         -0.01501219
         -0.01308632
         -0.00833795
          0.00778748
         -0.00203152
         -0.00418861
         -0.00009695
         -0.00013634
          0.00080754
          0.01294085
          0.00923461
          0.00835114
          0.00285083
         -0.00319895
         -0.44641404
         -0.25273663
         -0.22619675
         -0.02166580
          0.05476660
          2.19115290
          1.09996901
          0.94867562
          0.69252172
         -0.43778258
         -0.46931282
         -0.27943983
         -0.22141370
         -0.01960031
          0.04452858
          2.00833742
          0.89408233
          0.83109273
          0.62670250
         -0.43227873
